20
  7  11
 18  11
 12   5
  9   5
  5   9
  1   1
 12   1
  5   4
 16  19
  3  13
  9  14
 12   4
  4  11
  3   3
  2   2
  5  17
  5  20
 17  11
 10   3
  4  17
 13   4
  4  18
  3   4
  8  15
 13   5
 15   7
 19  20
 19  18
  5   1
 19  11
  9  10
  7  15
  7   1
  9  13
  3  12
  2  13
  4  10
 10  11
  9   1
 10  17
 13  15
  9   6
  6   5
  8  17
  6   9
 14   6
  5  10
  4  12
 12  16
 18   2
  5  11
 15  16
 17  13
  4  15
 11   3
 11  13
 18  20
  8  12
  5   6
  2   6
 14  18
 13  14
 11   7
 11  20
 11  14
 13  10
 15  17
  6  15
 18  10
 14  11
  3   1
  8  10
 12  14
  6  14
 14  10
 11   9
  9  19
 15   2
 19   6
 15  13
  6   2
  8   7
  9   9
 10   7
 14  20
 14   8
  1  14
 11  15
 19   1
 18   8
 13   8
 18  12
  2   5
  5   2
  4   7
  4  20
 14  13
  2   8
 15  12
 20  12
 12   7
  8  14
  5   5
 18  16
  5  12
 10  15
  2   7
  5  19
  3   9
 20  13
 11   8
 16  18
  4   5
  9  15
 17  10
 14  19
 19   8
  7  13
 19  12
 11  12
 15  18
 13  18
 14   1
 11  19
 12  19
 17   4
 12   6
  1   9
  4   9
 18   9
 17  19
 13  20
  7   2
  2   4
  8  11
 19   7
 12   2
 20   6
  4  16
 15   5
 15   3
 17   6
 17  12
  1   5
  5  14
 20   7
 18   7
  3  19
 14  15
 16  17
 17  15
 19  19
 10   6
  1   8
  2   9
 15  11
  6   7
 12  18
 15   4
 18  17
  1  11
 16  20
 16   4
 19   9
  1   7
  8   2
  1  13
 19  13
  8   3
 16   3
  4   2
 15   9
 11   4
  4   1
  1  15
  4   8
  8  13
 14  12
 19  14
 18  15
  5   7
 17  14
  4   6
  7   9
 13   7
  2  15
 11   1
 16  11
 18   5
 11   2
 15  15
 15   8
 17   7
 16   8
 18   1
 18   3
  3  18
  7   8
 10  14
 14  14
 17  16
  1   4
 18  13
  7  10
 16   2
  6   8
 11   6
 12   9
 12  11
  7   6
  2   3
 13   1
  1   2
 15   1
 13  16
 17  20
 13  19
 15  19
  8   1
 19  10
  5  13
  1  17
 14   5
  6  10
 12  12
  7  16
 20  19
  9  11
  3   6
 16   1
 20   1
  7  18
 20   5
  7  12
  9   2
  8  20
  3  15
  3  14
  3   5
  5  18
 19  17
 16  12
 20   4
  5  16
  6   3
  8   6
 12  15
  2  16
 16   6
  1  18
