50
 14  25
 22  50
 46   1
 22  45
 47  44
  1  27
 35  16
 16  40
  6  25
 11  41
 10  46
  7  42
 10  24
  1  13
 22   4
 35  37
 13  44
 32  14
  7  49
 19  44
  6  29
 12  20
 20  14
 24  32
  6  27
 44  43
 17  49
 35  47
 47  22
 49  21
 32   6
 46   7
 13  23
 50  28
  9  32
 39   6
 41  25
  9  43
  5  25
  7  15
  9  23
 25   1
  8  47
 27  49
  8  44
  8   4
 23   5
  2  26
 15   7
 50  45
 36  24
 37  22
 42  40
 39  26
 22  46
 30  40
 23  32
 18  21
 23   1
 31   8
 10  47
 27   8
  4  17
  1  19
 17  10
 14  36
 17  11
 44   9
 13   7
 36  12
 38  39
 39  41
 30  27
  7  41
 20  28
 49  48
  4  30
 21  38
 26  34
 28   3
 22   6
 26  32
 31   1
 13  12
 29  29
  4  19
 45  18
 44  34
 17   4
 19  28
 35   3
 11  12
 31  12
  4  18
 18  47
  9  19
 10  36
 19  14
  2  33
 20  12
 36  30
 39  33
  2  41
 12  47
 39  31
 28  43
  8  17
 49  23
 41  47
 14  14
 11  49
 17  16
 20  29
 25  24
 37  11
 13  35
 12  28
 13  37
 12  49
 33  12
 45  30
 37  42
  8   2
 13  21
 44  46
 39  42
 50  48
 11  24
 29   1
 38  38
 20  17
 15  17
  5  26
 15  46
 29  44
 32  17
 46  10
 22  14
 24  15
 10  23
 29  40
 44   3
  2   2
 43  17
 27  11
 12  43
 48  41
 12   6
 21  43
 41  22
 23   2
 28   7
 35  40
 37  47
 22  43
 27  21
 36  36
 36  26
 42  39
 37  25
 50  34
  6  41
 39   3
 12  44
  9   5
 34  40
 13   9
  6  35
 38  49
 11  32
 22  24
  2   1
 46  32
 43  35
 27   2
 43   8
 36   7
 10  28
 14  23
 23  20
 31   2
 44  38
 28  19
 43   6
 43  24
 24   4
 46  26
 14  10
 49  46
 44  45
  8  46
 11  14
  2  45
  3   3
 26  10
  3  43
  8  40
 47   2
 20  44
 16  28
 29  12
 35  24
 14  48
 49  24
 31  30
 40  14
 37  44
 43   7
 19  17
 17  22
 35   9
 38  48
 44   7
  6  38
 18  13
  4   8
 26  24
 46  18
 24  33
 15  20
 23  16
 40  26
  8  41
 28   5
  8  28
 46  30
 46  15
 49  45
 50  27
 40   9
 27   5
 48  11
 40   1
  2  39
  2  42
 38  21
 38  34
 21  17
 50  14
 48  29
 48  31
 38  11
 20  34
 17  41
 30  26
  7  18
 10  38
 17  39
 39   5
 33  48
 26  15
 39   1
 11   4
 44  35
 20  35
  1  12
 26  19
 49   5
 26  40
 10   5
 19  34
 24  26
  6  12
  7  19
 15  11
 45  48
 28  18
  4  34
 26  26
 41  46
  2  13
  1   9
  1  28
 40   8
 35  42
 47  12
  6  16
  6   4
 28  15
 36  47
 45  33
 38  50
 20  19
 50   3
 12  11
 16  37
 21  36
 12  34
 28  27
 14  28
  8  50
 40   7
 27  41
 43  28
 25  30
 19   7
 33   4
  3  46
 34   8
 12  13
  5  12
  6  15
 31  43
 48  33
 36  23
 23  39
 26  47
 50  24
 40  27
 23  38
 22  10
 25   3
 40  49
  1  29
 50  40
 25  23
  4  12
 47   9
 29  25
  2   9
 41  28
 42  48
 18  24
 24  38
 11  44
 29  47
 23  15
 27  17
 43  20
 36  11
  7   5
  9  36
 23  43
  4  44
  1  40
 16  31
 38  27
  5  19
 27  48
  3  30
  5  28
 48  16
 22   5
 40  45
 14  45
  8  11
 16  14
 33  42
 24  31
 16  30
 41  37
 34  25
  8  26
 17  13
 20  21
 21  50
 43  30
 37  31
 36  50
 23  46
  1  17
 47  20
 15  27
 32  30
 39  45
 30   1
 27  50
 22  32
 35  33
 32  36
 43  22
 44  13
 29  43
 27   4
  4  23
 38  28
  7  48
  3  11
 38   1
 17  26
 33   2
 40  37
 48  27
 10  29
 39  10
 14  31
 50  41
 38  26
 48  40
 45  50
 21  47
 28  13
 37  41
 44  14
 34  31
 16   8
 19  33
 45  27
 42  19
 15  28
  1  43
 20   7
  8  43
 19  22
  8  16
 26  44
  9  16
 50  15
 22  37
 18  20
 42  21
 47  21
  6  49
 25  36
 26  39
 35  11
 30   9
 16  45
 28  29
 24  19
  5  33
 44  42
  8  25
 12  35
 44  18
 26   4
 26  48
 43  12
  7  11
  3   5
 46  35
 33   9
 16  36
 43   3
  1  34
 13  25
 34  17
 28  35
 20   6
 17   7
 19  32
 37   5
 20  50
 15  25
 36  22
 31  14
 19  46
  6   8
 18  29
 24  29
 19   2
 13  24
 27  35
 41  35
 21  27
  1  26
 47  43
 41  44
  1  14
 28  32
 39  37
 35  45
 39  49
  6   1
 45   4
 40  21
 37   1
 10  17
 40  43
 24  10
 29  34
  6   6
 18  37
 19  11
 36  35
 46  39
 26  27
 34  23
 34  34
 11  45
 15  23
 49  36
 46  22
  4  15
  9  27
 35  22
 43  27
  6  40
  5  48
 31   3
 33  47
 35  28
 41  21
 38   3
 32  11
 24   6
 10   3
 23   8
 34  22
 39  11
 30  30
 11  33
 17  37
 28  37
 19  19
  7   7
 39  32
 11  25
 16  23
  1  24
  1  30
 10  18
 50  22
 19   6
 47  19
 31  11
 38   4
 17  18
 25   8
 50  23
 13   3
 33  16
 46  25
 38  22
 30  16
 21  10
 15  29
 44  30
  1  48
  1   3
 34  43
 16   4
  4  32
  9  41
 38  33
 10  14
  2  28
 27  36
 33  15
 16   9
 47  13
 47  45
 14  24
 38  16
 12  27
 45  23
 23  33
 49  22
 23  18
 30  17
  3  48
  7  31
 42  35
 25  29
 23   6
 27  47
 43  43
  3  19
 12  41
 31   5
 14   1
  7  22
 35  17
 11  35
 11  37
 45  12
 11  13
 45  37
  1  16
 30  15
 30  11
 30  46
 41  40
 29  35
  7  29
 43   5
 23  21
 13  42
 48   3
 22  23
 16  50
 19  35
 26  31
 50   5
 20  38
 50  47
 10   6
 16  21
 32  43
 37  15
 17  21
 18  33
 11   9
 26   8
 10  31
 39  14
 14   6
  8  21
 37  43
 26  22
 37  16
 15  31
 39  29
 47  40
  8  13
 25   9
  6  21
 31  39
 39  30
 12  40
  9  44
 32  18
 49  31
 25  14
 28  42
  3  45
 49  25
  9  35
 22  48
 43  37
 18  40
 31   4
 35  14
 11   1
 36  43
 34  50
 20  36
 42  14
 12  16
 24  12
 10  49
 44  32
 43   2
 39  17
 21  15
 43  33
 11  21
 10  48
 20  11
 26   7
 23  22
 23  12
 42   5
  3  28
  2  22
 17   9
 15   9
 18  11
 12  15
 19  13
 46   4
 34  12
 50  46
 31  41
 47  49
 28  39
 20  13
 11  16
 15  50
 32  41
 43  11
 30  48
 40  35
 27  19
 11  42
 44  28
 22  47
 11   2
 21  24
 10  42
 40  19
 11  48
  4  49
  1  46
 50  49
 31  28
 42  32
 48  25
  8  29
 34  26
 11  17
 33  27
 13  16
 18   7
 48  12
 27  15
 43  13
  1  38
 42  50
  6  30
  3  47
  8  31
  2   6
  2  46
 45  34
 43  31
 34  32
 42  30
 45  31
 20  24
 28   1
 35  41
 37  14
 28  44
 13  10
 11  27
 44  36
  8  23
 21  33
 50  44
 19  43
 33  19
 18   5
 26   3
 23  13
 20   9
 37  20
 39   4
 19  25
 45  16
 35  43
 35   8
 13   4
  3   7
 12  30
  5   5
  2  29
 18  27
  4  24
  2  44
 19  45
 41  20
  5  22
 34  44
 31  29
 43  23
 16   5
 32  28
  6  32
 33  28
  7  45
 27  28
 26  33
 36  10
 31  44
 30  49
 32  40
 45  49
 27  32
 29  36
 39   2
 31   7
 30   4
  6  24
 14  32
  5  41
 38   9
  4   1
 14   3
 41  32
 17  30
 42  16
 25  50
 14  37
 27  12
 10   9
 47  47
 24   5
 10  39
  1  45
 28  11
  4  20
 10  19
 46  21
 23  41
 37  50
 42  11
 20   3
 20  26
 37  23
 42  23
 33  39
 34   6
 42  28
 17   2
 42  41
  9  46
 35   4
  8  27
  4  36
 30  19
 23  10
 20  41
 43  36
 27  40
 19   9
 34  21
 43   4
 27  33
 14  47
 12  19
 42  26
 45  10
 41  41
 21  21
  5  11
 45  14
 47  24
 32  39
  4   3
 14   2
 43  25
 45  17
 14  49
 42  44
  4  31
 21  19
 47  26
 16   1
 35  10
 35  23
 17   3
 47  27
 14   7
 26   5
 40  11
 48  17
 37  39
 29  19
 35  50
 27   3
 36  31
 29  45
  9  33
  6  47
 29  33
 35  15
  5  36
  5  27
 42  47
  7   1
 15   6
 32   3
 24  23
 31  36
 32  32
 28  30
 29  41
 18  34
 50  35
 49  35
  8  38
  5  21
  5   6
 26   9
 37   7
 18  28
 14  27
 21   7
 15  40
 17  27
 31  13
  8  42
 44  23
  3  21
 14   5
 31  26
 27  37
 34   4
  8  12
  3  24
  8  34
  2   7
 28  40
 15  34
 22  25
  9  17
 46  16
 14  12
 11  39
 15  30
 49   2
 40   3
 32  15
  1   4
 16  35
 23  31
 46  47
 43  44
 43  19
 16  47
 30  23
 21  25
 12  22
 18  32
 30  24
  7   4
  1  39
 31  34
 42   2
 41  34
 48  44
 23  28
 39   9
 15   2
 15   5
  2  48
 49   8
 14  21
 49  32
  9   7
 33  38
 28  22
 29  42
 42  34
 19  31
  8  35
 12   4
 23  44
 39  13
  6  42
 15  18
 43  10
 17  19
 23  29
 41  18
 35  19
 29  11
 24  18
 25  37
 20  37
 38  29
 42  29
  8  45
 33  23
  1  49
  7  20
  4  25
 44  26
 22  41
 45  11
  5  43
 25  48
 10  30
 23  17
 13  22
  5  35
 37  26
 27  23
 14  34
  6  44
 40  50
  2  31
 26  45
 38  47
 37  10
 26  30
 48  26
 42  49
 21   5
  8  32
 23  19
  6  45
 16  20
 21   6
 37  36
 35  21
 37   3
 10  20
 36   8
  4  13
 27  34
 17  29
 41  43
 42  33
 38  15
 18  25
 34  27
 36   5
 40  32
 35  26
 21  31
 40  30
 41   7
 19   4
 13  13
  9  34
 15  38
 50  30
 46  29
 17  42
 16   6
 29   9
 38  37
 49  38
  8  18
 45  35
 35  35
 18   4
 25  20
 31  45
 45  41
  8  49
 27   9
 43   1
 19  16
 49  42
 41  42
 19  21
 22   1
 42   6
 42  20
 49  41
 33  50
 15  36
 47   4
 48   9
  3  20
 40  39
 30  22
 25   5
 40  25
 44  37
 42  38
 12   5
 17  17
 35  31
 39  38
  2  36
 11  50
 23   3
 36  28
 40  12
 27   6
 30  21
 17  25
  4   9
 15  16
 49  18
  2  15
 28  31
 35   2
 30  43
  5   9
 40  41
 43  32
 13  48
 26  25
 22  28
  7  16
  8  22
 50  50
 46   5
 45  13
 10  45
  1  35
 29  13
 11  31
  2  23
 26  17
 33  46
 15  22
 41  29
 33   3
 39  24
 31  42
 35  13
  5  20
 10  37
  3  40
 17  36
 24  41
 16  39
 24  42
 34  16
 28  26
 39  47
 21   9
  3  29
 32  47
 32  27
 27  25
 17  50
 36  18
 46  49
 35  29
 49  20
  6  37
  2   8
 24  16
 26   2
  9  10
  3  44
 37  19
 45  47
 21  42
 33   8
 35  30
 36  21
 45   7
 12  14
 21  46
 44   4
 48  50
 46   9
 16   7
 42  13
  5  45
 45  39
 36  49
  5   1
 32  10
  4   7
 38  10
  3  13
 31  46
 19  24
 18   8
  7  30
 25  11
  3  31
 23  50
  1  31
 36   1
 12  17
 18  44
 39  22
  7  26
 23   9
 10  15
 47  41
  2  30
 20   4
 39  18
 46  31
 12  33
 11  18
 22   2
 24  13
 16  25
 31  22
 36  27
 50  13
 24  25
  9  15
 13  11
 42  12
 10  26
  8  14
 27  31
 11   7
 48  30
  9   3
 44   5
 14  40
 10  40
  7   2
 27  10
 11  36
 22   7
 17  15
 44  22
 50  37
 13  36
 27  20
 32  49
 30   2
 21   1
 42  43
 36  32
 46  11
 19  37
 28  21
 49  12
 42  37
 36  41
 13  40
 30  20
 27  13
  9   8
 32  31
 32  44
 17  34
 34  14
  6  34
  9  30
  2  25
  3  12
 13   1
 35  38
 37  29
 28  12
 14  26
 26  41
 36  40
 45  42
 43   9
 26  37
 26  42
 34  24
  5   3
 48  24
 36  38
 14  43
 34  49
 12   9
  4  48
 38  46
 15  49
 12  25
 45   2
  7  21
 42   9
 48  10
 40  31
 40  10
 42  45
 19  12
 31  23
 21  16
 28   4
 20  15
 20  43
 23  27
 17  47
 31  20
 10  10
 31  16
 23   7
 48  14
 13  27
 14  22
 34   9
 46  17
 13  20
 23  42
 43  21
 27   1
 38  43
 35   1
 28  25
 33   6
 38  19
 48  37
 21  45
 36  42
 47  31
 17  31
 45   8
 10  21
 15  33
 34  39
 18  19
 38  44
 50  21
  3  14
 32  50
 32  35
 41  30
  2  10
 37  40
 29  14
 43  48
 24  28
 41  38
 11  34
 10   2
 38  12
 35   6
 15   3
 13   2
 28  38
 24  22
 11  11
 19  15
 32  13
 31   6
 37  18
 47  30
  3  33
 39  12
 18  26
 46  34
  1  44
 32  45
  4  29
  4  45
  9  25
 44  50
 18  14
 26  20
 14  29
  7  23
 50   1
 34  41
 19  27
 29  21
 50  12
 32   8
 25  17
 29  23
  5  10
 46  43
 29  24
 18  36
 49  28
 39  43
 22  16
 21  34
 22  13
 50  32
 10  25
 32  12
 22  35
 16   3
 12  36
 50  11
 11   8
  7  47
 23  48
 26  12
 20  27
 38   2
 25  15
 26  43
 36   3
  8  37
 49  49
 43  34
  9  21
 42   8
 38   5
 18  12
 33  35
 40   2
  9  24
 46  24
 21  49
 36  17
 48  46
  8   7
 15  32
 22  26
  5  16
 36  44
 45  20
 10  50
 21   4
 16  18
 10  43
 16  32
 47  39
  9   2
 28  20
 11  19
 37  17
 37   6
 45   3
 50  33
 50   8
 39  40
 23  37
 32  25
 45  36
 43  26
 44  15
 27  27
 13  29
 20  10
 24  49
 32  19
 44  19
 38  35
 38  40
 29  48
 47  32
  2  17
  6  10
 33  26
 18  43
 33  29
 41  14
 20  22
 43  16
 24  30
  9   4
 40  44
 27  14
 42   7
 45  40
 50   6
 20  49
 24   2
 25  16
 46  38
 16  22
 34  13
 49  50
 18  17
  8  15
 33  44
 20  32
 22  11
 33  45
 15  21
 48  19
 45  29
  1  25
 30  37
  8  30
 28  10
 12  39
